TData
109163|110034|59961|59323|60739|58646|57422|57423|59967|57421|56503|62599|60512|57435|57434|62513|60789|57403|59036|60490|61794|60855|60042|57426|60853|57431|62591|2884349|20057813|20065941|20047006|3276036|20071651|20073228|20044293|20036091|20035339|20062560|20029513|20031938|20070831|20052331|20045639|100214|20033906|20043459|111443|20057598|20134101|111175|20023998|20134102|111447|20031951|20039386|20049410|20079600|20072478|20031007|3279757|3276084|20031737|20070298|106227|20033603|20044032|20028331|3276089|20031261|20054828|20029543|3276101|20078762|20039753|20056319|20051430|3175887|20072344|20051929|20032969|20048441|20082832|20054621|20116156|20060358|20036010|20035145|111165|20039080|20051407|20046726|111160|20059934|111163|111162|20040541|20071561|20049007|20029365|20029354|20049498|20047554|20036819|3276157|3276154|20117541|20047557|3276168|20045512|109162|20052679|109164|20048339|20023275|100320|20034741|20038439|20074509|100926|100927|100347|20054202|100921|3276190|20049041|100299|20037153|20078052
tacoda.at.atwola.com/
2147484672
1918871808
30543477
3482099759
30469850
*
N
2:9bec8fc96bfc28770f15ae07458308f8,9bec8fc96bfc28770f15ae07458308f8
tacoda.at.atwola.com/
2147484672
1918871808
30543477
3482099759
30469850
*
atids
ex:40841|lramp:40841|targu:40841|turn2:40836|xp1:40841|uskrx:40867|addt:40867|aolp:40803|dmx:40803|adap:40803|ak:40867|legol:40841|bk:40803|xaxis:40836|daton:40867|truop:40803|dlgx:40836|conv:40836|btag:40836
tacoda.at.atwola.com/
2147484672
1724605440
30542735
3324513387
30469108
*
