ac
aBhiLkLYg==AI20666285AAABT9H5zug=AE2039AAABT9Cdb6k=AE2039AAABT9CdUYo=AE2039AAABT9CdTxU=AI20519893AAABT87_zwc=AI20517774AAABT81RiSI=AI20717275AAABT8uEMnQ=AI20717275AAABT8uDp84=AI20717275AAABT8tyR-g=AI20562171AAABT8oH_X0=AI20609729AAABT8nExzc=AE2039AAABT7_nBZE=AE2039AAABT78gpAw=AE2039AAABT73P1tg=AE2039AAABT73Mv5Y=AE2039AAABT73LDGs=AE2039AAABT73K4yA=AE2039AAABT7wkWQY=AE2039AAABT7wkSno=AE2039AAABT7wj-Hg=AE2039AAABT7wjttU=AE2039AAABT7wjtSo=AE2039AAABT7wjsvU=AE2039AAABT7wjc6g=AE2039AAABT7wjcns=AE2039AAABT7wjNVo=AE2039AAABT7wjFss=AE2039AAABT7wivF0=AE2039AAABT7wipt0=AE2039AAABT7wiGu4=AE2039AAABT7wh5Lg=AE2039AAABT7whysc=AE2039AAABT7whygA=AE2039AAABT7whnBc=AE2039AAABT7whlys=AE2039AAABT7wgufA=AE2039AAABT7wguDQ=AE2039AAABT7wgn9Y=AE2039AAABT7wgc9w=AE2039AAABT7wgWY0=AE2039AAABT7wgVU0=AE2039AAABT7wgQFM=AE2039AAABT7q9GjI=AE2039AAABT7kdrbw=AE2039AAABT7h-VWk=AI20684621AAABT7cFI00=AI20684621AAABT7cEquY=AI20684621AAABT7cEI98=AI20684621AAABT7cDlQU=AI20684621AAABT7cDTAI=AI20684621AAABT7cCM2M=AI20684621AAABT7cBxic=AI20684621AAABT7cAiXI=AI20684621AAABT7b_bWo=AI20637193AAABT7b-oWc=AE2039AAABT7QlflE=AE2039AAABT7PWWwQ=AI20666283AAABT6rnkgE=AI20585033AAABT5qoBmY=AI20585033AAABT5qn78o=AI20585033AAABT5qnIo4=AI20585025AAABT5qm-lc=AI20658129AAABT5TDcmc=AI20650507AAABT5S86eY=AI20650507AAABT5S0xxk=AI20658129AAABT5QyBVw=AI20658129AAABT5Qq8BA=AI20538631AAABT5Omi-c=AI20524633AAABT5FPRfs=AI20501671AAABT484bHo=AE2039AAABT48vTk4=AE2039AAABT4wnGuA=AE2039AAABT4wnAHY=AI20476077AAABT4webvo=AE2039AAABT4sQy6M=AE2039AAABT4pgO7A=AE2039AAABT4cebfw=AI20658129AAABT4ceYCE=AI20658129AAABT4cdxAI=AI20476061AAABT4ccMsQ=AI20658129AAABT4ccB44=AI20519893AAABT4bUl-0=AE2039AAABT3tzuKQ=AI20519891AAABT3smKQk=AE2039AAABT3qwdm8=AI20562171AAABT3p0ZZo=AE2039AAABT3eIVUE=AI20556905AAABT3XSQb0=AI20556905AAABT3XRoXo=AI20556905AAABT3XQ5To=AI20556905AAABT3XQrxg=AI20556905AAABT3XQZ3g=AI20556905AAABT3XQQ60=AE2039AAABT21eiQ0=AE2039AAABT20TjD8=AE2039AAABT2tVo4c=AE2039AAABT2tNOn4=
rfihub.com/
2147484672
515340416
30651154
68558261
30470105
*
cmd
H4sIAAAAAAAAAONiMjQQ4jU0MbY0NjK2AJLmFgAC20kKEwAAAA
rfihub.com/
2147484672
515340416
30651154
68588263
30470105
*
k
aACo4HDrw==AHsmc5661AI92064000AAABTyNHWRA=AHnmc5661AI92064000AAABTx_115M=
rfihub.com/
2147484672
62168320
30644330
3926939724
30463280
*
g
aAQuETBBw==Bla2d7c77751c41f3323bb8124404b0e14d|1431441|13400427|30973737|818183|54721|185519|758|16107271|410295|1AAABT9Hi7rE=Blac792bb79fe9eab36176d759857102b08|827697|15537799|30944969|798401|50465|185879|2079|16093057|387967|1AAABT9CdbXU=Bla288f7d5997d68cfe9aadda11b259b6b6|827699|15537927|30944969|798401|50465|185877|2079|16093057|387967|1AAABT9CdbUM=Bmaa020da9b6e3ece0d032a2bac6fe23ab9|1689075|14621913|30016455|805167|59695|185875|2079|16020763|359213|1AAABT9CdTmY=Bma0c364e41ccca0db0ffef7b8db69d3f06|1769117|15597751|30940617|820929|65319|185879|2079|16090671|409669|1AAABT9CdTd0=Bla2cfc7de7be1fa7321ed21b5eeef31135|1431441|13400427|30922963|818183|54721|186147|445|16083061|410295|1AAABT88SN3o=Blad5e21bc12c2d8dcd9369b09745f13879|1431441|13400427|30922963|818183|54721|186147|445|16083061|410295|1AAABT83KsXo=Bla813c7a30d6f05c1dfc36c431f1bd906a|1431441|13400427|30922963|818183|54721|186147|445|16083061|410295|1AAABT83IOEI=Bladd793d019c5ea4cc1ee6eecd292cb4a3|1431441|13400427|30922963|818183|54721|186147|445|16083061|410295|1AAABT821OCs=Blaaa558eca4ec6bfbe4c766924279bb636|1431441|13400427|30922959|818183|54721|186147|445|16083061|410295|1AAABT8zed8Q=Blabe5e8a36849d94941d995b590525733e|1431441|13400427|30879685|818183|54721|186147|445|16060341|410295|1AAABT8nI9-0=Blade97bc2024c543616635b095c1461e4c|1431441|13400427|30879685|818183|54721|186147|445|16060341|410295|1AAABT8nGn9o=Blac0188ed60a4386f9448e4918dddc9362|1431441|13400427|30879685|818183|54721|186147|445|16060341|410295|1AAABT8nGnD8=Bla2b83a5c584f7d692ef2a5bdefa99c54f|1431441|13400427|30838231|818183|54721|186147|445|16038551|410295|1AAABT8Quqpg=Bla81efaa80dd1a930f24d094ffed063318|1431449|13402357|30789897|818183|54721|185215|345|16014181|410295|1AAABT7_nBMY=Bla7f0d40d0f481a1f64dc68419cf5c705f|1431441|13400427|30789897|818183|54721|186147|445|16014181|410295|1AAABT7_i7Ss=
rfihub.com/
2147484672
2705209600
30651150
2256659965
30470101
*
u
aABuOOneQ==AIBAJJrQ==AAABT9H5z14=
rfihub.com/
2147484672
515340416
30651154
69868336
30470105
*
b
aAUXdD7cQ==AE7737AAABT9H5zug=AE5711AAABT9Hi7rE=AD187AAABT9Hi7rE=AD198AAABT9Hi7rE=AE7679AAABT9Cdb6k=AE3727AAABT9Cdb6k=AE7567AAABT9Cdb6k=AE4299AAABT9Cdb6k=AD154AAABT9Cdb6k=AE4329AAABT9Cdb6k=AE3479AAABT9Cdb6k=AD599AAABT9Cdb6k=AE4307AAABT9Cdb6k=AD129AAABT9Cdb6k=AD207AAABT88SN3o=AE9235AAABT88SN3o=AE9969AAABT87_zwc=AE5709AAABT83KsXo=AD209AAABT83KsXo=AD170AAABT8uEFhM=
rfihub.com/
2147484672
515340416
30651154
68578263
30470105
*
eud
H4sIAAAAAAAAAF2RO08CQRDHA1iZmJjYWFgYY2VCso-Zfdh5ghoSCBziozLLcYui8XyAj5aSkpKPQElJaWlp6UegtKTylNPAJtv89jf_mcnu8gbd38tX895N4-44yhWvqrnQdMSFHzU9-ry1-hjeNu_9UkdrXQjPovLOeu3lNl_y6fVhodw5Ja_oP5n2QRCy3TV-YsNKqRW0j0TknZNa8bLibdZFYLRFAgCBNCA0SgUKqVV1bikaf4UCMKYUZQw4tn6Rc-QImsuHmWUKkDChu6lE_9RLAb1UkpbABZV6kJqLI8ihwyOHxw6_zZhqTYiIb98d_7EwT5GJ46cOd9OL3E-YAombMDH496gl4zB06kcOj9N_-1HB4h6fjp84_OXMmzq-l9k2zBpsNDBrmaZZsNZmjdUiy0IdggkMxh_XzyQxoZDHZzDPkstRxnn2pUX-BvVuxaFlAgAA
rfihub.com/
2147484672
515340416
30651154
69878337
30470105
*
ub
H4sIAAAAAAAAAG3PTQrCMBAFYHDpaZqfmTSLLiZBWhSEQgV1VxupgiLaLvTcXsBYKdqa7feYx5vpc1JSngqzXeZJQqkDqTgjK5GITKGzo7rNvFdhNweyDIZUkwUxvHYQSQQy_MPW7darrjTIDjRqz6zn4rxJKDtxEXElxp46BMH0L7voXR7kebmvHEr-7Vdxfbn7noVPWsBYKzaOTPsnzVj8DKmR9c8omV8fTTcjwC9_iEmZdgEAAA
rfihub.com/
2147484672
2705209600
30651150
2256719969
30470101
*
rud
H4sIAAAAAAAAAOMSsjQ3MDA2NjQxsDSwMDExNzc0EuIz1M2KKAoLik8MzA6NzJXiNTQxMbQ0tzQwMjE2MQMANtYbsjMAAAA
rfihub.com/
2147484672
515340416
30651154
68608264
30470105
*
