g
aAEHBplmw==Bladf09e3d192e9d773007dbc30dc3aef3f|1839675|15443645|30364269|813595|65487|185953|639|15802759|408509|1AAABT49Avik=Bla1820d4840b5780607a1d2a6ec01cc0b9|1839787|15443647|30315105|813595|65487|185953|639|15776451|408509|1AAABT4nnIDY=Blaaa2d9ce84cf7a20680a44e78f0c6321a|1769603|15396895|30322287|798401|50465|185953|639|15780893|387967|1AAABT4nlw84=Blade0a4a3f76585b7d266b5639a6f47a58|1839787|15370717|30183561|810439|65215|185583|445|15702069|406929|1AAABT3tQAig=
rfihub.net/
1536
3255081088
30648547
2812899263
30467498
*
u
aABl3Pv0A==AIBAJJrQ==AAABT49Avio=
rfihub.net/
1536
3255081088
30648547
2812999263
30467498
*
rud
H4sIAAAAAAAAAOMSsjQ3MDA2NjQxsDSwMDExNzc0EuIz1M2KKAoLik8MzA6NzJXiNTQxMbCwMLKwMDU0MwAAbQELVzMAAAA
rfihub.net/
1536
3255081088
30648547
2812999263
30467498
*
ub
H4sIAAAAAAAAAOPST3R0Dg_zKg8LtLV1dMpwdDJxdHR0CjGxdCzLzAaKpKOJAABdD54YMQAAAA
rfihub.net/
1536
3255081088
30648547
2812999263
30467498
*
