glam_sid
113299143500045168111
glam.com/
2147484672
2428279296
30599874
2683651424
30453023
*
bkpix2
1
glam.com/
2147484672
2453514368
30462742
22864531
30462696
*
ga_dmp_exesegs_set
1
glam.com/
2147484672
2288089216
30462729
22904533
30462696
*
ga_dmp_ncssegs_set
1
glam.com/
2147484672
3302533248
30462712
22924534
30462696
*
qcsegs
D,T,39134,34610,34609,34608,34607,34606,34605,34604,34603,34602,14657,14653,14639,14634,14632,14624,14623,14615,14614,14611,14609,14608,14595,14594,14588,14580,14579,14574,14569,14561,14558,14555,14554,14552,14551,14545,14541,14538,14534,14525,14523,14520,14514,14509,14504,12170,12169,12168,9261,8128,8031,2951,2705,2695,2690,1988,1771
glam.com/
2147484672
2123648896
30462899
752275746
30462497
*
ctags
%3bct%3dset
glam.com/
2147484672
3759496576
30606944
4076293975
30460093
*
ning_user
6ea7b6d5-df7f-4322-a580-227453155a24,,kregjig
glam.com/
2147484672
4102562944
30463936
3468211810
30462528
*
ga_dmp_ias_set
1
glam.com/
2147484672
2288089216
30462729
22884532
30462696
*
ga_dmp_exesegs
None
glam.com/
2147484672
2005280384
30462796
1510209602
30462696
*
ga_dmp_ias
000101,000102,000103,000104,000105,000106,000107,000108,000109,000110,000111,000112,000113,000301,000302,000402,020000,220000,000202,000203,000204,000205
glam.com/
2147484672
2005280384
30462796
1509959588
30462696
*
ga_dmp_ncssegs
6013238,4458638,100826,100825,100824
glam.com/
2147484672
1765280384
30462796
1270755906
30462696
*
