tc
1
media.adfrontiers.com/
2147484672
3196675328
30469107
3349171731
30463072
*
af
"3|5BQzb5Ob64i!yDt,hfn!in!511!4180!34931295,-5553|15224|2720|1|1440818721931|130|2|0:5554|15226|2720|1|1440818725024|141|2|0:5048|14180|2581|1|1441165414487|131|3|0:5116|14346|2595|1|1441134611378|130|2|0:3798|10955|2284|1|1441421023133|130|2|0:5051|14189|2581|1|1441165417019|130|3|0:3163|9235|2110|1|1440123107047|141|3|0:3799|10958|2284|1|1441421126637|130|2|0:1429|4549|1844|1|1439316533613|26|3|0:3800|10961|2284|1|1441421023646|130|2|0:3095|9034|2110|1|1440123105974|131|3|0:5635|15399|2581|1|1439316533517|130|3|0:3094|9028|2110|1|1440123078042|141|3|0:3094|9028|2110|1|1440123080126|141|3|0:3094|9028|2110|1|1440123103237|141|3|0:5057|14207|2581|1|1441165419350|130|3|0:-"
media.adfrontiers.com/
2147484672
3816924928
30474007
3997487903
30467972
*
