tc
1
media.adfrontiers.com/
2147484672
3997959808
30465477
4171215001
30459442
*
af
"3|W4qod!axmGWyz_w,hfn!in!511!4180!34931295,-5112|14338|2595|1|1438970467915|141|2|0:5115|14344|2595|1|1438970466645|130|2|0:5116|14346|2595|1|1438970467352|141|2|0:4119|11851|2358|1|1437770538376|131|3|0:5261|14653|2639|1|1437757539531|130|18|0:5261|14652|2639|1|1437757549184|130|6|0:5262|14657|2639|1|1437757546277|141|18|0:5262|14655|2639|1|1437757546630|131|3|0:5262|14656|2639|1|1437757547050|132|6|0:-"
media.adfrontiers.com/
2147484672
15348608
30468302
193746004
30462267
*
