3556485
1
www.cnsnews.com/news/article/brittany-m-hughes/
1600
612722048
30462412
4201108396
30462210
*
3554566
1
www.cnsnews.com/news/article/brittany-m-hughes/
1600
622722048
30462412
4210458410
30462210
*
3557842
1
www.cnsnews.com/news/article/brittany-m-hughes/
1600
622722048
30462412
4210558410
30462210
*
3556506
1
www.cnsnews.com/news/article/brittany-m-hughes/
1600
622722048
30462412
4210583411
30462210
*
3556507
1
www.cnsnews.com/news/article/brittany-m-hughes/
1600
622722048
30462412
4210583411
30462210
*
3557875
1
www.cnsnews.com/news/article/brittany-m-hughes/
1600
622722048
30462412
4210608411
30462210
*
